  -0.26945232558590  -0.05365783710063  -0.06045843144172  -0.00414760524372
  -0.26884680831779  -0.05446255589582  -0.09085403201374  -0.00982781169420
  -0.27540591900199  -0.06226460981120  -0.08133942768813  -0.00856737308071
  -0.26701988066612  -0.14781884405488  -0.08869455725248  -0.02690096933651
  -0.27496982217529  -0.05184460455207  -0.07455854932146  -0.00710466163123
  -0.29329989527669  -0.04042343393691  -0.04224406004042  -0.00904556407119
  -0.28476451254394  -0.02467681682657  -0.03133507494528  -0.00871744249881
  -0.28147772328660   0.00787895533459  -0.01212049262609  -0.01342869683284
  -0.30057837246834   0.02137009968618   0.02341446040458  -0.00338115673809
  -0.30725206383906   0.03477625699825   0.03309630490085   0.01239120950679
  -0.29971913490487   0.04951199418558   0.03580723250869   0.01430991539416
  -0.29387150761700   0.09186508390576   0.07313012284889   0.02297442989662
  -0.29079943135900   0.14301315380718   0.10673488116146   0.04047957446250
  -0.28096485351129   0.11914409807515   0.10723486270599   0.04441360102343
  -0.28502936350783   0.09813003150074   0.09623775953325   0.03150554998695
  -0.23341546419448   0.06159966960203   0.07804707684770   0.03345045427850
  -0.12100269260517   0.02483938336474   0.04615642265497   0.01717973586005
  -0.06810181296279   0.02050298098012   0.02360051560229   0.01249210386624
  -0.07626544532390   0.01612644757181  -0.00214092566553  -0.00480463873269
  -0.10383297334262  -0.09872713986091  -0.06839217591988  -0.01630402370256
  -0.10571752030011  -0.08867704982107  -0.13971152701085  -0.03590396598874
  -0.10133386458677  -0.08096598772639  -0.16192602396283  -0.03618185633915
  -0.07580822891840  -0.02888986193404  -0.14514018744765  -0.02695278481072
  -0.06888247014099  -0.01070960835771  -0.13485558380110  -0.02149679254309
  -0.07796750190615   0.02897242923931  -0.10211626228031  -0.00680189944947
  -0.08698267490748   0.02243559017948  -0.09325959866358  -0.00694649341704
  -0.08306695545449   0.02328595635265  -0.09095456078911  -0.00973468279031
  -0.07040069759663   0.02885508295744  -0.04899065369675  -0.01016524244446
  -0.05746248912180   0.05963063647395  -0.02140987332387  -0.00572046083531
  -0.05890649713449   0.07150665623601   0.02469836471956   0.00615618280289
  -0.06458709061320   0.07396593054204   0.02966615295672   0.01633390437238
  -0.06170955368758   0.08286488742113   0.03994367927485   0.00866335034296
  -0.07127813731382   0.04546567423921   0.04006120762643   0.00431036342733
  -0.07913465869438   0.10971434407983   0.10215878491578   0.03540050324060
  -0.08146382236263   0.08461904717395   0.12223828173276   0.03764370568297
  -0.06656625693571   0.08133117694052   0.13506326015885   0.04314522173226
  -0.04774879137726   0.06040138785412   0.13491098326558   0.03752311591481
   0.01816220670450   0.02637380627110   0.11897953182200   0.03090787628084
   0.10740944858202   0.04432740669203   0.12888039740193   0.03051601918922
   0.15211205938658   0.00716808681180   0.11148680062283   0.02589327541952
   0.23185713690374  -0.01702469846106   0.08918016523081   0.02151090120599
   0.25761440348769  -0.14614224476472  -0.00994186207253  -0.00644889855303
   0.24826552280826  -0.11037002020478  -0.00821544948304  -0.01567849081989
   0.23673930108402  -0.08958417028927   0.02263101188732  -0.00487329279969
   0.28514751238117  -0.07087276797582   0.02183502045615   0.00761850784869
   0.28699766840809  -0.12289705991158   0.02040159505237  -0.00777907983680
   0.27410623671281  -0.10158572309241   0.01250609019632  -0.00332214018415
   0.27133459124925  -0.18941815219623   0.00079880150033  -0.02342537217161
   0.25748569112305  -0.16626199921592  -0.03827180490679  -0.04752424772535
   0.22214423925941  -0.17382594761871  -0.08178384852353  -0.04973553580792
   0.23912654947769  -0.17674125293580  -0.11800556032010  -0.06109433538025
   0.23705026244801  -0.14052540987864  -0.12782520273453  -0.06777431206376
   0.20355332185137  -0.14202049140266  -0.11410620823299  -0.06308457227957
   0.21684328517990  -0.08033161740895  -0.08425534024240  -0.04834679808813
   0.21630185257018  -0.05227400900600  -0.03441941783286  -0.03635655651705
   0.20680155401409  -0.01342659598419   0.01442542962262  -0.02366763916656
   0.19861912893657   0.01411881334240   0.03728696774804  -0.01187200499579
   0.19405481803327   0.02598030373788   0.06965072899055  -0.00237403220692
   0.17928187108186   0.01528890947089   0.08276506478944  -0.00026010499335
   0.17764586285478   0.03664876457627   0.09264658737450   0.00035578517015
   0.16718716530054   0.06141118822631   0.09211991009127   0.00198022511265
   0.17775027730627   0.06217342339720   0.09667796061985   0.00292191481041
   0.16615984813448   0.11503714931703   0.08049428902357   0.01086398699859
   0.16237653170531   0.06648798035850   0.09126922394048   0.01095425601917
   0.12528711559641   0.07645901858602   0.08464212067768   0.01290524738755
   0.01540210430412   0.10011777671310   0.07424120847020   0.00929370350091
  -0.02392698237055   0.17472710918024   0.06051481928339   0.01126097566908
  -0.05549481015786   0.14829464915229   0.05898378012724   0.00871998565913
  -0.01132996169157   0.07178844911868   0.03104016870616   0.00771045575313
  -0.00545936961610   0.10282569032954   0.04077389932396   0.01108134106227
   0.01298897332453   0.13310924255619   0.05379283465359   0.01254905271864
   0.00394392575303   0.09308613657172   0.04563518283957   0.02229547421984
  -0.01655929865268   0.13171349229451   0.03620282018523   0.01960574095848
  -0.02573737286173   0.12147173832286   0.04756789224703   0.02467145737769
  -0.02573364309268   0.09765798381155   0.04338528371983   0.02243001008559
  -0.03393905736572   0.11459327636031   0.04526346482841   0.02797340946051
  -0.03056492249950   0.09767963979600   0.04715527238937   0.03050359936252
   0.02603933899392   0.10137379846549   0.04044526191393   0.02947793168864
  -0.00263355848356   0.11284758802651   0.04977601718301   0.02900881513402
  -0.01953280727540   0.06960991173439   0.02513762985197   0.02397698310645
   0.01071640157898   0.10342819789143   0.02943208250115   0.02789309784408
  -0.01125564655286   0.05373340705085  -0.00636729496084   0.02270697038017
   0.02602334174426   0.02712936582668  -0.02972682969531   0.01503521331226
   0.10792412857649  -0.01838617891086  -0.07100489560727  -0.00029413595680
   0.04016617641364  -0.06409231381620  -0.11831847901462  -0.01315017247807
   0.00066356730120  -0.07469564525325  -0.13219891930470  -0.01442228481683
  -0.01002375290683  -0.07512856482356  -0.14136988886044  -0.01734969312970
  -0.00268416160996  -0.10764422394908  -0.15187380219594  -0.02041198728073
  -0.01851688262999  -0.08546668860719  -0.15401216980369  -0.01784944158127
  -0.01565113000442  -0.09360440333839  -0.12778991529797  -0.01599472644995
  -0.00732695379101  -0.08790370068834  -0.12510044159550  -0.01397337857755
  -0.00031940573746  -0.08352253715785  -0.10675582808801  -0.01075713004926
  -0.00863151979507  -0.08970107395549  -0.11362193338038  -0.01729179671461
  -0.02086504945489  -0.07266998458971  -0.10388665255773  -0.01997924188954
  -0.03627592139143  -0.07661367453161  -0.09880612079354  -0.02259921414262
  -0.02897713079309  -0.06654476886137  -0.06785382310224  -0.01697539818049
  -0.04207912761077  -0.05868379725772  -0.06745020575781  -0.01459505969498
  -0.05489846345188  -0.06315743682085  -0.05604676193649  -0.00938185387569
  -0.03388390136829  -0.06814047622074  -0.05848866825528  -0.01153527177498
  -0.03356810365557  -0.04923071351827  -0.04386115366933  -0.00762697456902
  -0.04232568119235  -0.08477248025969  -0.03375882107172  -0.01259339275432
  -0.04719097352096  -0.08930494736502  -0.04992488252958  -0.01854348106591
  -0.05679249668145  -0.07593930396079  -0.04911612542880  -0.01816866403676
  -0.06798486901910  -0.07370944496132  -0.04086296023078  -0.01862320554288
  -0.04576499384032  -0.07907012498341  -0.02845662861356  -0.01933854541695
  -0.01779896060750  -0.06245947413468  -0.00878609385339  -0.01082246911700
  -0.03367700795053  -0.07026622558992   0.00161002737842  -0.01021687292146
  -0.01530792273241  -0.06614575103329   0.00566345289782  -0.00633381952846
  -0.00145317532972  -0.05381260882115   0.01244145291890  -0.00637281280241
  -0.04704666148780  -0.07299834326078   0.02132314326298   0.00096532464464
  -0.04364804636272  -0.04415754411573   0.04679831184600   0.00559781263425
  -0.04241147829579  -0.03534795092783   0.04307317742581   0.00520318931216
  -0.10184353126197  -0.04690709890251   0.06031418581668   0.00846588952840
  -0.12739417022153  -0.01766393559073   0.07746190791366   0.00731578745563
  -0.13790232345062  -0.00620559817667   0.07919170231234   0.01102521795649
  -0.15477918806797   0.03536733238716   0.09542304938765   0.01835779655256
  -0.17422043784623   0.01558988490927   0.09832839105817   0.01906761456708
  -0.12012417055414   0.04567776410537   0.11016031197676   0.01956820240465
  -0.07853771305955   0.05072818986845   0.11667459218781   0.02342753006017
  -0.05302671005649   0.04164389710640   0.10942273884130   0.03330435830416
   0.00266811868815   0.08026583788800   0.12412715002909   0.02809259789492
   0.02739455502256   0.03931842032734   0.13445079607530   0.03593678014277
   0.05646428048379   0.03788951203210   0.12042056853376   0.02704679067229
   0.06855584917081   0.02373450336447   0.10976746127781   0.02448635033525
   0.08629553023860   0.02389066381947   0.09068535121810   0.01551998043497
   0.10250682463248   0.00720264928065   0.05553416998098   0.01084157333688
   0.04471078820435  -0.00120867082735   0.03170093387118  -0.00041954770206
  -0.05865989880938   0.06209857192936  -0.00880352386172  -0.00422837331656
  -0.08574099852953   0.03529115010583  -0.03753609113861  -0.00520208690620
  -0.02445278951490   0.02820811276798  -0.05358249522706  -0.00751636674334
  -0.02113940268379   0.03951959902879  -0.06776104184012  -0.00938414773823
  -0.00221780871932   0.01020642574897  -0.08369686503586  -0.01662073742594
   0.08450413191054   0.00312627454734  -0.09411349154842  -0.02013218951926
   0.05717603633575   0.02214510040661  -0.08548108243171  -0.01886030909175
   0.07080685003001   0.05144847893765  -0.06337475163877  -0.00911253264001
   0.04748915746353   0.03449995149796  -0.05918534648501  -0.00808489918881
   0.10359802735396   0.02937832613048  -0.05479259235763  -0.00541707099601
   0.15471013403834   0.01421226333038  -0.03216449222088  -0.00456465487542
   0.14802982762481   0.02388806564681  -0.02433722052516  -0.00256350956408
   0.18366861198099   0.02115282663589  -0.01944858275342  -0.00217855750152
   0.18501648404020   0.01158331475496  -0.01496335690046  -0.00058549976808
   0.24150036293138   0.01464106433256  -0.00458567363430  -0.00018735036420
   0.33506919365771   0.02093931752577   0.00232133614572   0.00221822441085
   0.35094937378002  -0.04054056167114  -0.00052728600409  -0.00142576171540
