5.1333      1.481663795
5.2333      1.792290695
5.5333      1.670737665
6.2667      1.618390358
6.8         1.590997284
7           1.013024602
6.7667      0.980203729
6.2         0.621741834
5.6333      0.892857143
5.5333      1.284622732
5.5667      1.170536734
5.5333      1.359380199
5.7667      1.206757844
5.7333      0.976000754
5.5         1.204025962
5.5667      1.27080891
5.4667      1.454222388
5.2         1.531565185
5           1.380239799
4.9667      1.356732728
4.9         1.225975941
4.6667      1.508462104
4.3667      1.558560623
4.1         1.525880579
3.8667      1.971497519
3.8333      2.283436028
3.7667      2.685624013
3.7         3.167889124
3.8333      2.665654581
3.8333      2.356484763
3.8         2.514285714
3.9         2.608278449
3.7333      3.405384247
3.5667      3.942357625
3.5333      4.060543693
3.4         4.323060574
3.4         4.235363392
3.4333      4.513093801
3.5667      4.734434876
3.5667      4.783636215
4.1667      4.98325465
4.7667      4.78428873
5.1667      4.500747502
5.8333      4.643023798
5.9333      4.40464294
5.9         4.440389294
6.0333      4.44620134
5.9333      3.734671126
5.7667      3.865410102
5.7         3.319743739
5.5667      3.222434488
5.3667      3.442593588
4.9333      3.601049125
4.9333      4.971110485
4.8         5.936376017
4.7667      7.220529159
5.1333      9.055764625
5.2         9.964759188
5.6333      10.88110228
6.6         11.3820613
8.2667      10.21112401
8.8667      8.588694909
8.4667      7.756109162
8.3         6.892851965
7.7333      6.085619948
7.5667      5.660801619
7.7333      5.294231247
7.7667      5.162497965
7.5         5.854574725
7.1333      6.751436476
6.9         6.733742074
6.6667      6.59357668
6.3333      6.504106256
6           6.865188139
6.0333      7.116555381
5.9         7.586941265
5.8667      7.772859251
5.7         8.45050717
5.8667      9.201329208
5.9667      9.755713514
6.3         10.95751259
7.3333      10.63880109
7.6667      10.49737671
7.4         10.57938639
7.4333      10.15603232
7.4         9.343723886
7.4         8.632150726
8.2333      7.623019183
8.8333      6.240401814
9.4333      5.509641873
9.9         5.414619648
10.6667     5.001033271
10.3667     4.583099502
10.1333     4.544765434
9.3667      4.288983979
8.5333      3.823066326
7.8667      4.032651468
7.4333      4.086170504
7.4333      3.52735369
7.3         3.480087832
7.2333      3.491825315
7.3         3.27404449
7.2         3.142953701
7.0333      3.306567337
7.0333      2.940554582
7.1667      2.227418533
6.9667      2.336768736
6.8333      2.26238326
6.6         2.677562758
6.2667      3.498533724
6           3.773667283
5.8333      3.913125154
5.7         3.643689986
5.4667      3.897373417
5.4667      4.076795782
5.3333      4.209369916
5.2         4.53993989
5.2333      4.742490148
5.2333      4.16503847
5.3667      4.009981585
5.3         4.311129281
5.3333      4.077328647
5.7         4.716444168
6.1333      5.20251979
6.6         4.447759684
6.8333      3.908839606
6.8667      3.347745522
7.1         2.84153272
7.3667      2.866342266
7.6         2.954063945
7.6333      2.944059288
7.3667      2.773693198
7.1333      2.511120002
7.0667      2.516193906
6.8         2.155057302
6.6333      2.049222888
6.5667      1.926167409
6.2         1.824859144
6           2.376703532
5.6333      2.294132944
5.4667      2.381917697
5.6667      2.390286521
5.6667      1.92183857
5.5667      1.893403484
5.5333      2.033902034
5.5         2.12225966
5.2667      2.095837736
5.3333      2.350707816
5.2333      2.180943962
5           1.723583855
4.8667      1.592958122
4.6667      1.25487536
4.6333      0.874647872
4.4         0.85298175
4.5333      0.913692789
4.4333      0.949380338
4.3         1.126451208
4.2667      1.616355682
4.2333      1.838939306
4.0667      2.068579368
4.0333      2.698397923
3.9333      2.525714403
4.0333      2.436257728
3.9         2.284686808
4.2333      2.19444892
4.4         2.343225393
4.8333      1.987250471
5.5667      1.635762313
5.6667      1.016999261
5.8333      1.106595505
5.7333      1.496610617
5.8667      1.826372467
5.8333      2.360814383
6.1333      1.76279723
6.1333      1.697169457
5.8667      1.520109786

